0 0.8518658602464566 0.5738312713692071 0.013853632064644739 0.10092312498036649 
0 0.8350709084304712 0.5675970428167694 0.016259090167969337 0.08913280219244768 
0 0.7420118449171182 0.5898401607630123 0.016373753321619833 0.11041036797872739 
0 0.4189649961322136 0.5338744601252112 0.008840817791388733 0.0469170445507584 
0 0.01466678109462815 0.5050173642655988 0.00518344944426675 0.03045004636613713 
0 0.02059230598330658 0.5060984232032909 0.005118413697139657 0.027492830227205223 
0 0.05897075932570223 0.5018826245210335 0.0040312123395056035 0.02237512768424732 
0 0.2432506922346916 0.500372391006781 0.00580982289215462 0.020437929749077544 
0 0.2547378193177096 0.5010118510860322 0.004310305495326516 0.024705621770300223 
0 0.25889992585924826 0.5059606823992341 0.005902509987170457 0.024607552214222894 
