0 0.477295 0.537109 0.00439453 0.0224609
0 0.957519 0.520508 0.00683594 0.0283203
0 0.808105 0.511719 0.00292969 0.0146484
0 0.807129 0.512207 0.00488281 0.015625
0 0.806152 0.512695 0.00292969 0.0146484
0 0.208252 0.529297 0.00366211 0.015625
0 0.809082 0.511719 0.00292969 0.0146484
0 0.958984 0.520019 0.00585938 0.0302734
0 0.806641 0.510742 0.00390625 0.00976559
0 0.808105 0.51123 0.00390625 0.0107422
0 0.208252 0.525879 0.00317383 0.0146484
0 0.207642 0.533203 0.00415039 0.0126953
0 0.601562 0.572754 0.0107422 0.00585938
0 1 0.514648 0 0.0332031
0 0.669434 0.608398 0.0166016 0.0107422
0 0.840332 0.506836 0.00292969 0.0136718
0 0.959473 0.513672 0.0078125 0.0214843
0 0.209351 0.52832 0.00341797 0.0146484
0 0.574707 0.561035 0.0078125 0.00488281
0 0.541016 0.546387 0.00488281 0.00292969
0 0.553711 0.554687 0.00585938 0.00390625
0 0.474853 0.533203 0.00390625 0.0166016
0 0.755371 0.604492 0.0136719 0.015625
0 0 0.908203 0 0.0537109
0 0.804687 0.512207 0.00292969 0.0146484
