0 0.0900879 0.559082 0.0218506 0.105469
0 0.418213 0.584961 0.0166016 0.09375
0 0.728516 0.556641 0.00878906 0.0361328
0 0.373779 0.558594 0.0180664 0.0869141
0 0.490723 0.529297 0.00390625 0.0263672
0 0.489746 0.529785 0.00439453 0.0302734
0 0.37793 0.575684 0.0175781 0.0683594
0 0.379883 0.55957 0.0166016 0.0800781
0 0.370117 0.564453 0.0126953 0.0839844
0 0.37085 0.550781 0.015625 0.0742188
0 0.726562 0.555176 0.00878906 0.0341797
0 0.372803 0.550293 0.0117188 0.0576172
0 0.731445 0.556152 0.0078125 0.03125
0 0.373291 0.539062 0.0117188 0.0429688
