0 0.507812 0.564453 0.0205078 0.0644531
0 0.433105 0.53418 0.00732422 0.0322266
0 0.691894 0.590332 0.0195312 0.0859375
0 0.406738 0.521973 0.00439453 0.0195312
0 0.413574 0.521973 0.00390625 0.0195312
0 0.409912 0.521973 0.00976562 0.0185547
0 0.414307 0.524414 0.00390625 0.0224609
0 0.406494 0.624023 0.0195312 0.00878906
0 0.406006 0.523926 0.00439453 0.0195312
0 0.434082 0.529785 0.0078125 0.0253906
0 0.559082 0.535156 0.00488281 0.00390625
0 0.406494 0.519531 0.00439453 0.0117188
0 0.413574 0.520996 0.00439453 0.0117188
0 0.00219727 0.499023 0.00245666 0.0136719
0 0.973633 0.529297 0.00585938 0.00390625
