0 0.739746 0.565918 0.015625 0.0888672
0 0.261963 0.538574 0.012207 0.055664
0 0.0820312 0.511719 0.00561523 0.0253906
0 0.107971 0.503418 0.00280762 0.0166016
0 0.10498 0.503418 0.00292969 0.015625
0 0.106689 0.503418 0.00463867 0.015625
0 0.0106049 0.501465 0.00354004 0.0146484
0 0.536133 0.520996 0.00292969 0.0136719
0 0.00949097 0.503418 0.00543213 0.0185547
0 0.4375 0.600098 0.012207 0.00878906
0 0.0105896 0.501953 0.00506592 0.0175781
0 0 0.939209 0 0.0981445
0 0 0.953369 0 0.0932618
0 0.109009 0.501465 0.00341797 0.0146484
0 0.536133 0.521484 0.00195312 0.0117188
0 0 0.928223 0 0.0712891
0 0 0.508789 0 0.0361328
0 0 0.914062 0 0.0615234
0 0 0.521973 0 0.0498047
0 0.0819092 0.511719 0.00939941 0.0283203
0 0 0.527344 0 0.0791015
0 0 0.497559 0 0.0292968
0 0.0819092 0.506348 0.00622559 0.0195312
0 0.0731811 0.594238 0.0137939 0.00976562
