0 0.420166 0.579102 0.0161133 0.0839844
0 0.443115 0.584961 0.0136719 0.0839844
0 0.518555 0.532715 0.00488281 0.0273438
0 0.312744 0.535156 0.00634766 0.0283203
0 0.316895 0.535644 0.0078125 0.0283203
0 0.523926 0.532227 0.00488281 0.0244141
0 0.520996 0.532227 0.00976562 0.0244141
0 0.350342 0.516113 0.00244141 0.0146484
0 0.527832 0.532227 0.00488281 0.0244141
0 0.706055 0.532715 0.00488281 0.0214844
0 0.0997925 0.523437 0.00549316 0.0205078
0 0.313965 0.530762 0.00830078 0.0244141
0 0.0953369 0.524414 0.00671387 0.0195312
0 0.348145 0.515625 0.00244141 0.0146484
0 0.0975952 0.522949 0.00927734 0.0175781
0 0 0.936523 0 0.0976562
0 0.0910034 0.570312 0.0115967 0.00683594
0 0.360352 0.624023 0.00488281 0.0205078
0 0 0.952393 0 0.0952149
0 0.161499 0.608398 0.0180664 0.0107422
0 0.0623779 0.555664 0.0078125 0.00585938
0 0 0.926758 0 0.0683594
0 0.46582 0.534668 0.00390625 0.00292969
0 0.0510864 0.538574 0.00476074 0.00390625
0 0 0.911133 0 0.0595703
0 0.0367737 0.530273 0.0043335 0.00292969
0 0.318603 0.530762 0.00732422 0.0224609
