0 0.743164 0.59082 0.0185547 0.107422
0 0.833984 0.570801 0.0166016 0.0878906
0 0.851562 0.570801 0.0136719 0.09375
0 0.243347 0.506348 0.00646973 0.0263672
0 0.0149078 0.507812 0.00427246 0.024414
0 0.0211334 0.505859 0.00454712 0.024414
0 0.258545 0.506348 0.00585936 0.0283203
0 0.05896 0.503906 0.00476074 0.0214843
0 0.254639 0.504883 0.00537108 0.0273437
0 0.359131 0.507812 0.00341797 0.0205078
0 0.256348 0.505371 0.00683592 0.0283203
0 0.261963 0.505859 0.00683594 0.0292968
0 0.0184021 0.506348 0.00836182 0.0224609
0 0.256348 0.505859 0.0126953 0.0292968
0 0.418701 0.53418 0.00878906 0.0458984
0 0.355713 0.504883 0.00292969 0.0166015
0 0.0240173 0.504394 0.00476074 0.0214843
0 0.00915527 0.501953 0.00265503 0.0146484
0 0.210327 0.515625 0.00634766 0.0214843
0 0.262939 0.502441 0.00585938 0.024414
0 0.438721 0.51123 0.00292969 0.015625
0 0.35498 0.506348 0.00244141 0.0166015
0 0.242126 0.508789 0.00549316 0.0205078
0 0.00905228 0.50293 0.00331879 0.0195312
0 0.259277 0.506836 0.00927733 0.0322265
0 0.00869751 0.5 0.00253296 0.015625
0 0.0233002 0.507324 0.00418091 0.0234375
0 0.866211 0.529785 0.00488281 0.0175781
0 0.417725 0.522461 0.00585938 0.0341797
0 0.35791 0.503418 0.00390625 0.015625
0 0.0255737 0.505859 0.00421143 0.0136718
0 0.417236 0.527832 0.0078125 0.0439453
0 0.244568 0.507324 0.00500488 0.0234375
0 0.0250854 0.503418 0.00384521 0.0136719
0 0.358887 0.504394 0.00341797 0.0117188
0 0.25415 0.501465 0.0048828 0.0195312
0 0.44043 0.510742 0.00292969 0.015625
0 0 0.505859 0 0.0263672
0 0.837402 0.566406 0.0146484 0.0820312
0 0.0145569 0.503418 0.00411987 0.0195312
0 0.468506 0.562988 0.00732422 0.00488281
0 0.032959 0.518555 0.00427246 0.00390625
0 0.355225 0.50293 0.00292969 0.0136719
0 0.326172 0.625 0.0107422 0.0283203
0 0.254883 0.499023 0.00634764 0.0253906
0 0.368652 0.51416 0.00244141 0.00292969
0 0.85791 0.541504 0.0126953 0.0361328
0 0.0597534 0.5 0.00512695 0.0195312
0 0.361084 0.50293 0.00341797 0.0136719
0 0.242432 0.501953 0.00537109 0.0175781
0 0.543457 0.54541 0.00390625 0.00292969
0 0.443359 0.509766 0.00292969 0.0136718
0 0.322754 0.965088 0.0634766 0.0678711
0 0.417236 0.51709 0.00488281 0.0205078
0 0 0.517578 0 0.0341797
0 0.259521 0.499023 0.00634766 0.0253906
0 0.0328979 0.518066 0.00476074 0.00683594
0 0.0334778 0.519043 0.00402832 0.00292969
0 0 0.497559 0 0.0224609
0 0.368408 0.513672 0.00292969 0.00683591
0 0.0256653 0.505859 0.00378418 0.00585938
0 0.856445 0.523926 0.00390625 0.0166016
0 0.00987244 0.506348 0.00341797 0.0195312
0 0.0241165 0.503906 0.00468445 0.00976562
