0 0.150879 0.530273 0.0107422 0.0478515
0 0.17749 0.521973 0.0090332 0.040039
0 0.282959 0.509277 0.00537109 0.024414
0 0.336182 0.509766 0.00341797 0.0224609
0 0.224731 0.514648 0.0065918 0.0332031
0 0.262939 0.513184 0.00732422 0.0283203
0 0.323486 0.510254 0.00390625 0.0224609
0 0.237061 0.513672 0.00683594 0.0292968
0 0.261719 0.510254 0.00634766 0.0263672
0 0.233643 0.51416 0.00585938 0.0273437
0 0.326172 0.510254 0.00390625 0.0224609
0 0.333496 0.510742 0.00390625 0.0205078
0 0.329346 0.510742 0.00390625 0.0205078
0 0.278564 0.506836 0.00488281 0.024414
0 0.332031 0.510254 0.00732422 0.0205078
0 0.236694 0.508301 0.00610352 0.0195312
0 0.325684 0.510254 0.0078125 0.0224609
0 0.334473 0.510254 0.00683594 0.0205078
0 0.24292 0.50293 0.00292969 0.0107422
0 0.155762 0.508301 0.00366211 0.0136718
0 0.329834 0.510254 0.00732422 0.0205078
0 0.321289 0.509766 0.00341797 0.0234375
0 0.240906 0.504394 0.00500488 0.0146484
0 0.226807 0.515137 0.00830078 0.0292968
0 0.296387 0.510254 0.00341797 0.0214843
0 0.234375 0.506836 0.00390625 0.015625
0 0.219849 0.502441 0.00268555 0.0117188
0 0.343994 0.506836 0.00244141 0.0146484
0 0.242676 0.504394 0.00390625 0.0136719
0 0.329102 0.509766 0.0146484 0.0205078
0 0.260742 0.505371 0.00537109 0.0185547
0 0.223389 0.51123 0.00537109 0.0273437
0 0.22168 0.504883 0.00488281 0.0146484
0 0.264404 0.515625 0.00634766 0.0302734
0 0.398193 0.526855 0.00537109 0.0224609
0 0.392578 0.525391 0.00537109 0.0224609
0 0.220215 0.503906 0.00341797 0.015625
0 0.320312 0.508789 0.00341797 0.0205078
0 0.20105 0.509766 0.00341797 0.0126953
0 0.39624 0.527344 0.00830078 0.0234375
0 0.174072 0.518555 0.0065918 0.0332031
0 0.20227 0.510742 0.00317383 0.0175781
0 0.237793 0.505859 0.00537109 0.015625
0 0.284424 0.507324 0.00488281 0.0195312
0 0.153198 0.525879 0.00805664 0.0410156
0 0.223877 0.505859 0.00439453 0.0166015
0 0.189697 0.507324 0.00292969 0.0126953
0 0.172119 0.51416 0.00512695 0.024414
0 0.396973 0.525391 0.00537109 0.0205078
0 0.236694 0.503418 0.00585938 0.0107422
0 0.201416 0.510254 0.00317383 0.0175781
0 0.324463 0.507324 0.00390625 0.0205078
0 0.334228 0.506836 0.00537109 0.0185547
0 0.21936 0.501465 0.00268555 0.0117188
0 0.112732 0.510742 0.00341797 0.0136718
0 0.318603 0.507812 0.00341797 0.0195312
0 0.277832 0.505371 0.00439453 0.0195312
0 0.188599 0.507324 0.00366211 0.0136718
0 0.224609 0.509766 0.00610352 0.0205078
0 0.187988 0.508789 0.00610352 0.0175781
0 0.263672 0.513672 0.00683594 0.0205078
0 0.185425 0.507324 0.00415039 0.0126953
0 0.29541 0.510742 0.00439453 0.0205078
0 0.152222 0.508789 0.00317383 0.0126953
0 0.19043 0.507324 0.00268555 0.0126953
0 0.223877 0.501953 0.00415039 0.0107422
0 0.203247 0.515137 0.00292969 0.0224609
0 0.391602 0.525879 0.00537109 0.0185547
0 0.152588 0.515625 0.00708008 0.0283203
0 0.239014 0.51709 0.00634766 0.0292968
0 0.237183 0.517578 0.00952148 0.03125
0 0.343262 0.506348 0.00292969 0.0146484
0 0.319336 0.509766 0.00341797 0.0195312
0 0.111816 0.510742 0.00378418 0.015625
0 0.153198 0.533203 0.0102539 0.0458984
0 0.0968018 0.512695 0.0045166 0.0185547
0 0.152222 0.510254 0.00415039 0.0166015
0 0.194458 0.507812 0.00878906 0.0205078
0 0.113708 0.509766 0.00317383 0.0136718
0 0.200439 0.508789 0.00268555 0.0107422
0 0.225098 0.515625 0.0065918 0.0205078
0 0.202881 0.508789 0.00268555 0.0136718
0 0.288818 0.509766 0.00439453 0.0185547
0 0.174683 0.51123 0.0065918 0.0195312
0 0.204346 0.51709 0.00317383 0.0263672
0 0.314697 0.506348 0.00341797 0.015625
0 0.239868 0.50293 0.00390625 0.00976562
0 0.260742 0.500977 0.00488281 0.0117188
0 0 0.939453 0 0.0996094
0 0.171265 0.511719 0.00439453 0.0195312
0 0.333496 0.508301 0.00439453 0.0117187
0 0.259521 0.504883 0.00439453 0.0166015
0 0.282715 0.50293 0.00585938 0.0117188
0 0.293213 0.505371 0.00537109 0.0214843
0 0.320312 0.504883 0.00292969 0.0117188
0 0.184692 0.506836 0.00317383 0.0107422
0 0.259277 0.510742 0.00585938 0.024414
0 0.28833 0.506348 0.00390625 0.0166015
0 0.172119 0.520508 0.00610352 0.03125
0 0.261963 0.501953 0.00439453 0.0117188
0 0 0.911133 0 0.0556641
0 0.185425 0.506836 0.00317383 0.00976562
0 0.110107 0.51123 0.00390625 0.0146484
0 0.329102 0.508789 0.00390625 0.0117187
0 0.398926 0.525879 0.00488281 0.0166016
0 0.201416 0.506836 0.00292969 0.0126953
0 0 0.953613 0 0.0927735
0 0.262451 0.515625 0.00634766 0.0195312
0 0.264404 0.507324 0.00488281 0.0175781
0 0.183472 0.512207 0.00488281 0.0224609
0 0.151367 0.51123 0.00488281 0.0205078
0 0.0959473 0.511719 0.00366211 0.0185547
0 0.186035 0.505859 0.00390625 0.0107422
0 0.112122 0.512695 0.00341797 0.00878903
0 0 0.926269 0 0.0673828
0 0.390869 0.523437 0.00488281 0.0146484
0 0.152466 0.521973 0.0117188 0.0458984
0 0.336426 0.503418 0.00341797 0.015625
0 0.282471 0.509277 0.00976562 0.0283203
0 0.960449 0.523437 0.00488281 0.00292969
0 0.176758 0.517578 0.00878906 0.0205078
0 0.169678 0.508789 0.00366211 0.015625
0 0.326172 0.505859 0.00439453 0.0117188
0 0.223145 0.505859 0.00585938 0.0117188
0 0.225952 0.505859 0.00439453 0.0136718
0 0.344238 0.503418 0.00292969 0.015625
0 0.399414 0.532227 0.00537109 0.0244141
0 0.227295 0.51709 0.00708008 0.0205078
0 0.313721 0.505371 0.00341797 0.015625
0 0.156982 0.506836 0.00415039 0.0136718
0 0.284424 0.503418 0.00488281 0.0107422
0 0.395996 0.52832 0.0131836 0.0263672
0 0.237915 0.516113 0.00683594 0.0205078
0 0.168579 0.510742 0.00390625 0.0195312
